Grafo 4

Caminho entre  10 e 20: [10, 532245, 877016, 554617, 430107, 437166, 805646, 841402, 663364, 655748, 634947, 318070, 807260, 20]                    grafos4e5.py

Caminho entre  10 e 30: [10, 873980, 182382, 261305, 81769, 694525, 219466, 207765, 44636, 183747, 920911, 35338, 239369, 417194, 132461, 740528, 707581, 30]
                                                                                                                                                    7581, 30]
Caminho entre  10 e 40: [10, 873980, 182382, 674971, 557022, 188455, 418550, 275098, 277633, 801708, 730863, 274827, 386086, 188007, 477496, 40]    

Caminho entre  10 e 50: [10, 873980, 182382, 261305, 81769, 694525, 382144, 748624, 663332, 149827, 349584, 735867, 9905, 716970, 472621, 407659, 994210, 630598, 50]                                                                                                                                   4210, 630598, 50] 

Caminho entre  10 e 60: [10, 873980, 182382, 674971, 106317, 27985, 280367, 227336, 364950, 883474, 283156, 161217, 224210, 188021, 614364, 358029, 855615, 822462, 774634, 60]
855615, 822462, 774634, 60]

Grafo 5

